0.034893110394477844,0.02571508102118969,73.16500091552734
0.02369130402803421,0.021563958376646042,79.3949966430664
0.020296761766076088,0.019648417830467224,82.01000213623047
0.018219245597720146,0.018981344997882843,83.04499816894531
0.016695795580744743,0.016450833529233932,86.02999877929688
0.015583978034555912,0.015407655388116837,87.45500183105469
0.014517117291688919,0.015099871903657913,87.98999786376953
0.01375231146812439,0.017444882541894913,83.80999755859375
0.013042251579463482,0.013889726251363754,89.5199966430664
0.012464468367397785,0.013921969570219517,89.18000030517578
0.011941183358430862,0.01364051178097725,89.72000122070312
0.011408347636461258,0.01279190368950367,90.63999938964844
0.011021596379578114,0.012874267064034939,90.7249984741211
0.010690364986658096,0.012464123778045177,90.98500061035156
0.010272625833749771,0.012799975462257862,90.91999816894531
0.009984885342419147,0.012960096821188927,90.55500030517578
0.00970215629786253,0.012649022974073887,91.1449966430664
0.00942281074821949,0.01200401782989502,91.01499938964844
0.009227766655385494,0.011740612797439098,91.70500183105469
0.009009316563606262,0.011744258925318718,91.5999984741211
0.008745943196117878,0.012046013958752155,91.2300033569336
0.008556784130632877,0.011717861518263817,91.66500091552734
0.008330429904162884,0.011651401408016682,91.44499969482422
